# 182 Marshall SNe 
# LC fitter: salt 
ZTF18abckujg 0.074000 58301.423596 0.000690 -1.172055 -0.028435 0.015327 3.100000 18.333230 0.059820 -13.197096 -13.157396 27 32 19.635279 55 
ZTF18aataafd 0.077000 58259.897794 0.000582 -0.907267 -0.091331 0.010826 3.100000 18.753251 0.088567 -10.685694 -4.633894 6 8 12.506911 10 
#ZTF18abdgwxn not considered, not a SN Ia norm (None) 
ZTF18aajsbbq 0.070000 58235.960642 0.000532 0.316415 0.143873 0.023103 3.100000 18.281052 0.035788 -7.497942 -13.577642 65 50 368.339312 111 
ZTF18aaqnrum 0.069000 58255.599744 0.000784 -0.014135 -0.047877 0.066765 3.100000 18.418281 0.021522 -11.347944 -12.302644 55 80 215.822273 131 
#ZTF18aayjomr not considered, not a SN Ia norm (SN Ia 91T-like) 
ZTF18aauqdyb 0.120000 58267.834702 0.000367 1.058777 -0.074201 0.059308 3.100000 19.473987 0.036107 -13.398202 -12.390802 124 157 380.790350 277 
ZTF18aaxkfos 0.075000 58279.427523 0.000798 1.163116 -0.007537 0.017259 3.100000 18.436849 0.083590 -10.190823 -0.244323 8 4 7.742777 8 
ZTF18aahqavd 0.120000 58210.439936 0.003715 9.999998 -3.185737 0.015658 3.100000 27.473967 1.028640 1e6 7.788464 0 8 30.944499 4 
ZTF18aaqcugm 0.062000 58255.105740 0.001161 -1.270418 -0.067279 0.008075 3.100000 17.876959 0.012390 -12.888440 -12.835240 57 65 469.176706 118 
ZTF18aarldnh 0.107720 58257.802174 0.000288 -0.281939 0.046012 0.012308 3.100000 19.171223 0.082064 -11.501774 -11.578674 16 19 31.437653 31 
ZTF18aavnvmp 0.064000 58269.567365 0.000944 -1.142581 -0.118429 0.015125 3.100000 18.279424 0.055066 -7.299365 -12.297265 8 10 40.928686 16 
ZTF18aavnxar 0.085000 58267.942709 0.000499 0.027575 -0.059656 0.007376 3.100000 18.950489 0.094062 -9.665109 -9.732209 7 8 27.350919 11 
ZTF18aawpcel 0.150000 58281.122444 0.000349 3.020495 0.079831 0.010779 3.100000 19.318726 0.104131 -18.896144 -11.925944 17 18 52.825875 31 
ZTF18aaqpkvx 0.084200 58249.771735 0.000528 5.091015 0.023457 0.028668 3.100000 19.337571 0.889256 1e6 -5.613535 0 3 0.000000 -1 
ZTF18aaxavsk 0.080000 58278.002297 0.000752 0.655565 -0.087948 0.038161 3.100000 18.682034 0.045395 -14.550397 -14.615397 27 41 57.037341 64 
ZTF18aauworo 0.049810 58270.267293 0.065593 0.547447 -3.009657 0.051282 3.100000 22.573467 0.200265 1e6 -14.993993 0 11 17.225656 7 
ZTF18aahfgsk 0.053770 58213.548499 0.000796 0.646445 0.442395 0.026552 3.100000 16.943708 0.097160 65.656701 0.667901 1 15 326.594091 12 
ZTF18aasrssa 0.050000 58261.341872 0.000571 3.697843 -0.002348 0.026695 3.100000 19.138294 0.662999 1e6 -13.181872 0 4 0.250842 0 
ZTF18aailvrv 0.070000 58230.995698 0.000529 -1.933463 0.099224 0.011409 3.100000 18.113223 0.025294 -7.666998 -12.617898 31 40 1789.786876 67 
ZTF18aakcsqt 0.084000 58236.058348 0.005959 -0.628520 -2.104711 0.020888 3.100000 22.381152 0.399766 1e6 -11.824248 0 11 16.070127 7 
ZTF18aaumlfl 0.087370 58265.687753 0.000481 -0.951904 -0.100863 0.020051 3.100000 18.982386 0.032149 -11.278153 -11.316853 62 92 177.552102 150 
ZTF18aaroihe 0.048250 58259.164674 0.001489 -2.185568 -0.036371 0.009359 3.100000 17.381725 0.020776 -12.865274 -4.980674 16 30 168.184095 42 
ZTF18abcflnz 0.024000 58306.452408 0.006244 0.557461 -0.034203 0.076390 3.100000 16.202382 0.029321 -18.069008 -18.139708 27 32 64.765770 55 
ZTF18aajwdwz 0.100000 58230.183802 0.000350 -3.289240 0.011731 0.032782 3.100000 18.649261 0.638031 1e6 -7.021202 0 5 12.500575 1 
#ZTF18aarpqof not considered, not a SN Ia norm (SN Ic) 
ZTF18aavrzxp 0.070000 58270.350822 0.000740 -1.240473 -0.109658 0.023235 3.100000 18.503441 0.025249 -12.070422 -12.112922 56 67 117.953382 119 
#ZTF18abdkkwa not considered, not a SN Ia norm (None) 
ZTF18aaqgadq 0.071900 58250.957284 0.003866 -3.531264 -1.414426 0.019748 3.100000 20.392886 3.359918 1e6 -8.622684 0 7 3.433907 3 
ZTF18aazxthg 0.045000 58289.799748 0.001238 0.756277 0.132560 0.015637 3.100000 17.462243 2.131742 -6.551348 1e6 4 0 0.289798 0 
ZTF18aayjvve 0.047270 58292.161133 0.001555 -0.132718 0.035040 0.012626 3.100000 17.397817 0.015708 -15.902833 -15.881333 38 52 123.386929 86 
ZTF18aaxwjmp 0.080000 58288.245746 0.000568 0.494378 -0.020914 0.030463 3.100000 18.755326 0.022227 -14.963846 -13.942246 113 138 159.335579 247 
ZTF18aazsabq 0.050000 58293.829761 0.000915 -1.339920 0.031727 0.050427 3.100000 17.814431 0.022711 -13.424061 -13.484861 66 67 61.120265 129 
ZTF18aaommeg 0.100000 58247.142700 0.000344 1.996413 0.056564 0.029916 3.100000 19.266036 0.049574 -15.666500 -4.826800 44 46 107.692152 86 
ZTF18aagrgao 0.114000 58205.746375 0.002310 -3.709780 -1.548136 0.052883 3.100000 21.329087 nan 21.590025 -7.351875 44 7 1270.671043 47 
ZTF18aahsmrw 0.078400 58267.681384 0.000296 -0.179098 0.746019 0.026945 3.100000 16.930407 0.220051 11.526116 -43.447784 1 16 2490.128811 13 
ZTF18abbpeqo 0.066780 58299.908835 0.000908 -0.893210 0.039213 0.016889 3.100000 17.862083 0.029163 -13.664035 -13.608235 76 89 65.533119 161 
ZTF18aabasml 0.047200 58170.410956 0.005387 -1.326494 -1.041411 0.010949 3.100000 19.210258 0.099839 109.805744 -12.104456 6 61 8563.278818 63 
ZTF18abakjgq 0.054000 58297.610314 0.001185 2.325225 0.134240 0.275711 3.100000 17.724367 0.087357 -14.154614 -15.156414 17 16 14.616942 29 
ZTF18abbvsiv 0.051000 58297.536026 0.001493 -0.656560 0.011079 0.027159 3.100000 17.443710 0.043775 -9.190726 -10.268326 28 31 22.026826 55 
ZTF18aahjafd 0.035900 58230.513804 0.000866 0.348168 0.573077 0.009862 3.100000 16.393083 0.062189 17.674696 -13.235904 14 23 3420.205349 33 
ZTF18aaadqua 0.070000 58132.351295 0.000876 0.000000 0.000000 0.041784 3.100000 18.148850 30.958241 -0.144595 1e6 1 0 0.000000 -3 
ZTF18abatffv 0.144000 58294.687066 0.000209 -0.066306 -0.054450 0.009415 3.100000 19.866377 0.168286 -10.462866 -10.503766 15 14 33.256976 25 
ZTF18aaxrvzj 0.110000 58285.395466 0.000382 1.363590 0.000991 0.011345 3.100000 19.239210 0.038394 -13.150466 -13.115466 60 71 126.493255 127 
ZTF18abdcfgz 0.050000 58306.248283 0.000968 -1.726845 0.068592 0.030252 3.100000 17.583760 0.819619 1e6 -10.968783 0 3 0.000015 -1 
ZTF18aaotzhu 0.060000 58236.019316 0.309632 -3.878017 -5.477617 0.032281 3.100000 27.222266 0.523844 1e6 -3.661216 0 7 9.170498 3 
ZTF18aakecej 0.066450 58230.406193 0.000625 -2.591228 -0.275791 0.014624 3.100000 19.016467 0.042280 -1.124693 -6.132993 47 38 819.502101 81 
ZTF18aabsyqp 0.076670 58178.108319 0.000806 3.728086 -0.057979 0.022620 3.100000 18.943428 0.240834 1e6 4.147581 0 52 1280.064425 48 
ZTF18aazcoob 0.088000 58295.550332 0.000593 1.811423 0.044239 0.030890 3.100000 18.686832 0.071812 -17.179432 -14.208132 31 33 27.750218 60 
ZTF18aarbgdn 0.044500 58247.115845 0.079461 -2.363056 -2.795662 0.030068 3.100000 21.351823 0.203479 1e6 -1.963245 0 8 23.503958 4 
#ZTF18aapqwyv not considered, not a SN Ia norm (SN Ia 91T-like) 
ZTF18aarxzmv 0.070000 58262.881423 0.000948 0.589272 -0.087536 0.012941 3.100000 18.420436 0.068532 -14.653423 4.409177 12 7 19.612672 15 
ZTF18aaqfziz 0.053830 58248.004796 0.003279 -1.185915 -0.854952 0.033996 3.100000 19.200297 0.197190 40.208204 -5.670196 3 11 70.221547 10 
ZTF18abadjhx 0.076000 58293.610232 0.000612 0.747603 0.025884 0.055182 3.100000 18.561420 0.135789 -12.191132 -6.169232 6 5 5.148457 7 
ZTF18aayxupv 0.047000 58291.713183 0.001205 -1.313819 0.004617 0.015846 3.100000 17.604657 0.082066 -12.505683 -12.525683 4 5 5.045714 6 
ZTF18abcecfi 0.080000 58300.291297 0.000444 -0.963605 0.116752 0.019636 3.100000 18.384069 0.087204 -12.084397 -12.051397 16 19 9.949046 31 
ZTF18aajtlbf 0.027830 58258.869233 0.002144 10.000000 -0.874920 0.022336 3.100000 21.281389 0.019161 -26.375833 -36.447133 133 91 266043.494335 220 
ZTF18aaqcqvr 0.070000 58256.431868 0.000874 0.025521 -0.045317 0.028036 3.100000 18.297463 0.018126 -14.213568 -14.166568 48 69 300.091120 113 
ZTF18abcrxoj 0.030900 58305.558295 0.004212 -1.925068 -0.043481 0.019122 3.100000 16.311720 0.034473 -13.336995 -13.302695 22 30 18.672491 48 
ZTF18aaqculk 0.094000 58247.407554 0.000370 0.296320 -0.050875 0.017575 3.100000 19.286444 0.054813 -5.173054 -5.132654 24 46 74.435172 66 
ZTF18aabxrjp 0.079200 58191.372020 0.000493 -6.063028 0.102515 0.020640 3.100000 17.602657 0.288901 1e6 -7.069620 0 12 41.624603 8 
ZTF18aayidfz 0.067000 58288.714606 0.000632 -0.929832 -0.024516 0.009222 3.100000 18.450988 0.089695 -9.497506 -6.522806 7 6 2.459734 9 
ZTF18abcsgvj 0.060000 58303.917893 0.000811 -1.138791 0.014234 0.049209 3.100000 18.028648 0.058830 -13.508093 -11.640393 31 29 12.404395 56 
ZTF18aaqcqve 0.120000 58243.869118 0.000261 2.086619 -0.045953 0.011086 3.100000 19.898338 0.092250 -1.650818 -1.603818 23 39 99.551161 58 
ZTF18aaumeys 0.037540 58267.099429 0.003559 0.764864 -0.044808 0.008289 3.100000 16.875076 0.007854 -11.877029 -12.732329 52 66 266.663043 114 
ZTF18aalcxig 0.074000 58241.949120 0.000483 0.766845 0.238589 0.033081 3.100000 18.150918 0.027629 -9.471720 -15.503220 79 103 797.319913 178 
#ZTF18aahhffw not considered, not a SN Ia norm (SN Ia 91T-like) 
#ZTF18aaaoaeq not considered, missing redshift 
ZTF18aagrcfl 0.048000 58258.804117 0.000479 9.933150 0.240982 0.014244 3.100000 19.434431 0.025588 -35.476817 -60.442417 144 144 41850.311829 284 
ZTF18aagrtxs 0.027910 58212.627367 0.003538 -0.887495 0.114533 0.009839 3.100000 16.149003 0.006040 -8.350567 -14.253167 110 123 43763.936610 229 
ZTF18aavjnfx 0.060000 58258.678988 0.001332 0.986715 -0.011670 0.062167 3.100000 17.868667 0.264802 1e6 -2.387888 0 11 8.553327 7 
ZTF18aaasvcd 0.009110 58259.812850 0.009901 1.125256 0.556162 0.012341 3.100000 13.910158 0.152595 1e6 -103.550750 0 32 166345.038372 28 
ZTF18aaitowa 0.116000 58223.247310 0.000279 9.999989 -0.650352 0.027915 3.100000 22.808345 0.172576 25.098390 -3.960610 15 17 512.620036 28 
ZTF18aahfxnn 0.080000 58222.079403 0.003144 -0.679099 -1.338977 0.024840 3.100000 20.785725 0.274912 1e6 -7.840303 0 13 39.004558 9 
ZTF18aaguhgb 0.124290 58217.070036 0.000273 1.594717 0.217035 0.012485 3.100000 18.954044 0.045382 -9.765036 -2.731936 92 116 4083.826440 204 
ZTF18aabssme 0.040000 58186.552944 0.002058 7.294371 0.012998 0.034647 3.100000 18.201411 0.149533 1e6 -4.299044 0 15 252.799156 11 
#ZTF18aaanzph not considered, missing redshift 
ZTF18aaovbiy 0.077400 58241.839480 0.000000 -1.457428 5.283888 0.021911 3.100000 8.160308 0.490930 58.351320 -9.462380 2 6 73.041920 4 
ZTF18aarqnje 0.115000 58260.619698 0.000433 0.490661 -0.205681 0.020006 3.100000 19.626087 0.032496 -14.280698 -13.219598 71 80 210.819662 147 
#ZTF18aaimxdx not considered, not a SN Ia norm (SN Ia 91bg-like) 
#ZTF18aaitbcm not considered, not a SN Ia norm (SN Ia pec) 
ZTF18aagstdc 0.030000 58220.816799 0.000897 10.000000 0.258187 0.017236 3.100000 18.708157 0.009923 -14.470399 -22.455099 164 170 749760.840740 330 
ZTF18aaunfqq 0.071090 58267.918689 0.000683 -0.835281 0.039884 0.008497 3.100000 18.177197 0.020349 -13.513289 -11.659189 62 105 168.985842 163 
ZTF18aagrcir 0.077000 58258.760810 0.000672 10.000000 -0.977091 0.019425 3.100000 22.851867 0.045250 -53.276510 -60.391310 148 88 103600.389580 232 
ZTF18aajhdsz 0.076000 58234.945928 0.003136 1.474777 -1.149497 0.016876 3.100000 20.515547 0.161284 49.271072 -17.732628 2 30 117.281691 28 
ZTF18aairuad 0.064570 58228.364320 0.000681 -2.894226 -0.210072 0.014202 3.100000 18.675740 0.039405 3.799580 -9.158120 28 44 822.095867 68 
#ZTF18aaxakhh not considered, duplicate 
ZTF18aakoylt 0.087610 58238.443422 0.122852 2.018753 -5.637538 0.028166 3.100000 29.401322 0.490294 64.758178 -11.184722 1 10 33.181413 7 
ZTF18aaqqoqs 0.083000 58262.159924 0.000727 1.059208 -0.022211 0.013940 3.100000 18.570340 0.023103 -15.828124 -15.931224 50 63 150.965687 109 
ZTF18aabvpeg 0.037000 58171.712195 0.239213 2.273018 -4.468567 0.027165 3.100000 25.517665 0.355892 1e6 10.480205 0 8 9.357380 4 
ZTF18aahfzea 0.024000 58219.234890 0.256870 3.476881 -2.991270 0.032158 3.100000 21.435648 0.044608 1e6 -4.991990 0 25 6185.365500 21 
ZTF18aaqcozd 0.073000 58253.801182 0.000743 -1.104074 -0.096331 0.020042 3.100000 18.475869 0.023063 -11.582482 -11.534482 33 40 188.546946 69 
ZTF18aazhwnh 0.090700 58286.392375 0.000313 -1.779353 0.319263 0.043482 3.100000 18.010150 0.633285 1.947325 1.881125 1 5 3.911788 2 
ZTF18aarcypa 0.032000 58254.018805 0.004437 -3.998432 -1.045893 0.023252 3.100000 19.062659 0.318838 1e6 -8.831305 0 7 30.456338 3 
ZTF18aaxmhvk 0.080000 58285.377284 0.000475 2.127887 0.188533 0.005050 3.100000 18.518428 0.024499 -15.096384 -13.098684 59 90 559.293917 145 
ZTF18aapsedq 0.065000 58248.006966 0.000755 0.390650 -0.072556 0.019032 3.100000 18.592951 0.019433 -12.666666 -5.729666 59 94 396.408147 149 
ZTF18aaxqyki 0.100000 58285.996749 0.000477 0.902220 -0.040953 0.015522 3.100000 19.063410 0.029761 -13.782949 -12.671649 74 85 111.855090 155 
ZTF18abaxlpi 0.064600 58297.737012 0.000777 -0.440404 0.031636 0.043817 3.100000 18.118124 0.031673 -13.364412 -13.411412 51 58 57.328465 105 
ZTF18aabtaor 0.070000 58189.729658 0.000593 -1.737113 0.001722 0.017656 3.100000 18.324240 nan 1e6 -7.450158 0 19 81.513980 15 
ZTF18aawjywv 0.040000 58270.926805 0.001426 -1.644191 0.044363 0.022922 3.100000 17.250592 0.015554 -9.496605 -12.526305 76 81 1495.352096 153 
#ZTF18aabqgnb not considered, missing redshift 
ZTF18aaqskoy 0.085000 58255.410055 0.000836 0.683882 -0.099924 0.020519 3.100000 18.609794 0.017655 -11.134455 -11.058855 86 87 362.410594 169 
ZTF18abcryxz 0.064600 58298.316856 0.000897 -7.086465 0.024659 0.021250 3.100000 17.055093 2.134043 1e6 -6.083056 0 2 0.000001 -2 
#ZTF18aaudfnk not considered, not a SN Ia norm (None) 
#ZTF18aahqmsr not considered, duplicate 
ZTF18aaohzei 0.060000 58240.920190 0.000600 -1.815904 0.278270 0.038376 3.100000 17.427433 0.044886 -9.518590 3.430510 102 19 429.260630 117 
ZTF18aaqjvjr 0.120000 58238.351481 0.000255 1.609506 -0.102634 0.013055 3.100000 20.034860 0.144752 4.850619 4.822619 19 22 50.991419 37 
ZTF18aahrdpu 0.110000 58221.935431 0.000000 -9.999992 6.286915 0.032886 3.100000 4.646549 0.784301 1e6 -7.744631 0 4 0.027220 0 
ZTF18aazabmh 0.073000 58290.320664 0.000471 -0.167273 0.065512 0.012810 3.100000 18.592553 0.032272 -11.967264 -13.995464 54 66 76.413108 116 
ZTF18aamigmk 0.017000 58243.903937 0.010133 0.463899 -0.045978 0.036155 3.100000 15.700458 0.003904 -14.424937 -14.500837 180 157 17742.002657 333 
ZTF18abaeawz 0.100000 58288.671284 0.000377 1.235533 0.273198 0.049208 3.100000 18.375380 0.121657 0.697616 -7.215084 15 35 13.630707 46 
ZTF18aaylbjm 0.090000 58284.085406 0.000596 -3.426211 -0.077014 0.071040 3.100000 18.330330 0.674078 1e6 -7.792306 0 7 2.633906 3 
#ZTF18aapxjzs not considered, not a SN Ia norm (None) 
ZTF18aaigbvt 0.110000 58218.471179 0.000149 -5.153851 -0.015986 0.024828 3.100000 19.404819 23.198195 1e6 -0.197679 0 2 0.077234 -2 
#ZTF18aaaoktp not considered, no data points 
ZTF18aaxdrjn 0.033900 58279.240172 0.002907 -2.070797 -0.067229 0.017912 3.100000 16.768282 0.012963 -12.067672 -11.919172 29 34 237.145636 59 
ZTF18aakdyym 0.113000 58235.633197 0.000229 0.840686 0.367591 0.012614 3.100000 18.560903 0.065180 -4.241197 -11.362797 32 30 595.469522 58 
ZTF18aagtdce 0.032400 58258.851599 0.000284 5.785662 1.154991 0.010263 3.100000 16.478558 0.013836 -52.448599 -41.465899 295 304 113379.735023 595 
ZTF18aasdted 0.018150 58265.375027 0.008475 0.805784 0.133210 0.025705 3.100000 15.378519 0.003580 -18.052327 -17.968327 100 115 1306.816453 211 
ZTF18aaxxewy 0.082000 58282.782015 0.000570 -0.319276 0.001329 0.026830 3.100000 18.567823 0.433816 1e6 -9.465915 0 13 2.342375 9 
ZTF18aazixbw 0.059400 58292.002738 0.000773 -1.143944 0.021270 0.009064 3.100000 18.058807 0.023372 -12.701138 -11.678838 59 68 159.497086 129 
ZTF18aabyhlc 0.029000 58181.984683 0.003395 -0.842522 -0.706849 0.011580 3.100000 18.756303 0.028787 29.375317 2.521217 109 183 46654.463352 288 
ZTF18aahheaj 0.048000 58226.249372 0.029993 1.508366 -2.473130 0.021771 3.100000 22.000030 0.106518 1e6 -11.921372 0 26 426.056939 22 
ZTF18aaqjhqz 0.100000 58251.807875 0.000471 -1.080785 -0.002471 0.031053 3.100000 18.679383 0.741338 1e6 -8.648875 0 3 0.000019 -1 
ZTF18aaqkqxi 0.076100 58247.588898 0.001489 0.258429 -0.548563 0.018990 3.100000 19.317577 0.173476 32.627802 -2.422298 3 7 10.228848 6 
ZTF18abcicrq 0.105000 58300.730788 0.000427 2.566832 -0.168019 0.012676 3.100000 19.815012 0.399683 -11.537688 -11.513288 5 3 1.878203 4 
ZTF18aaajrso 0.085000 58268.184983 0.000759 9.684472 -0.648202 0.012324 3.100000 21.671452 0.514515 1e6 -83.821083 0 27 5241.359548 23 
ZTF18aaupmks 0.040000 58260.832029 0.003481 0.182598 -0.089362 0.052414 3.100000 16.957336 0.013950 -6.399429 0.510871 42 49 155.078175 87 
ZTF18aaccuih 0.031600 58255.922514 0.000105 6.424318 1.477189 0.008620 3.100000 16.591401 0.085913 17.337386 -95.449414 1 194 44624.703033 191 
ZTF18abcdzyc 0.055700 58299.196783 0.000975 -2.283966 -0.038558 0.010643 3.100000 17.834701 0.069252 -10.976083 -7.949283 11 11 11.063856 18 
ZTF18aasesgl 0.085800 58258.123127 0.000301 -0.726284 0.146902 0.011477 3.100000 18.744970 0.058238 -10.790027 -2.852227 19 28 55.264113 43 
ZTF18abcpolh 0.035120 58301.941656 0.002401 -2.328903 -0.001791 0.047025 3.100000 16.734698 0.596851 1e6 -10.688556 0 3 0.000013 -1 
ZTF18aauxltf 0.050000 58260.356996 0.000068 0.829243 2.215326 0.031430 3.100000 13.817437 0.258474 1e6 -5.064396 0 11 1.537585 7 
ZTF18aaqffyp 0.073000 58254.452973 0.000692 0.944573 0.017714 0.018569 3.100000 18.481523 0.014049 -12.073273 -12.143773 114 170 724.552141 280 
ZTF18aaxcntm 0.027000 58279.071426 0.003172 -1.778384 0.027601 0.008088 3.100000 16.416600 0.005280 -12.669126 -12.779426 77 98 730.463126 171 
ZTF18aajnyyp 0.085000 58232.125984 0.000377 -1.415479 0.116505 0.020314 3.100000 18.501136 0.046925 -8.799684 -9.861384 39 45 553.513570 80 
ZTF18aabstmw 0.023000 58190.985265 0.001343 -6.827327 0.164687 0.011196 3.100000 16.211043 0.061536 1e6 -8.721465 0 48 1498.473358 47 
ZTF18aaqcqkv 0.120000 58247.982262 0.000224 0.005046 -0.019895 0.008591 3.100000 19.692165 0.091640 -5.763962 -5.716962 23 36 108.560757 55 
ZTF18aauvnhh 0.058000 58263.760038 0.001060 -0.291103 -0.043172 0.017022 3.100000 18.036669 0.246818 1e6 -8.500938 0 22 126.905090 18 
ZTF18aapuntm 0.110000 58248.474992 0.000334 1.932739 -0.077298 0.007999 3.100000 19.707748 0.052599 -13.002092 -6.158592 46 45 139.356303 87 
ZTF18aatzygk 0.080000 58262.914868 0.000607 0.358981 0.044412 0.036131 3.100000 18.457433 0.026010 -10.482968 -10.525968 63 100 179.346316 159 
ZTF18aaiajvb 0.100000 58261.926730 0.000321 10.000000 -0.587066 0.064390 3.100000 22.463462 0.107120 -32.461330 -63.507630 95 57 11984.145082 148 
ZTF18aaobguk 0.130000 58238.593196 0.000208 -0.686429 0.120131 0.019598 3.100000 19.238238 0.086213 -5.355296 -7.409496 17 15 36.242375 28 
ZTF18aakzliv 0.090000 58240.251480 0.000656 1.826809 -0.096477 0.028656 3.100000 19.021590 0.029122 -11.751480 -13.835580 79 87 380.286653 162 
ZTF18aaslhxt 0.060000 58263.473988 0.001591 0.344103 -0.108360 0.048174 3.100000 17.889258 0.007599 -16.090388 -14.070188 189 251 1551.941426 436 
ZTF18aaiwkwk 0.085800 58233.533697 0.000625 0.644919 0.012963 0.024737 3.100000 18.566218 0.023485 -10.205997 -14.170097 124 126 2872.447293 246 
ZTF18aagrebu 0.055000 58201.708143 0.004546 -3.725650 -1.504156 0.061195 3.100000 20.459881 0.074409 26.754057 -3.313643 38 12 1761.484268 46 
ZTF18aaqedfj 0.062300 58240.892336 0.198975 -0.436587 -4.524930 0.012584 3.100000 25.519665 0.227150 1e6 1.380164 0 10 25.043872 6 
ZTF18aahpaoa 0.101000 58217.571891 0.000414 -0.079679 -0.018421 0.023063 3.100000 19.010992 0.576979 1e6 -0.374091 0 6 4.294376 2 
ZTF18aazblzy 0.064000 58291.745076 0.000821 -1.848990 -0.060175 0.011577 3.100000 18.149467 0.016686 -13.397376 -12.464976 92 122 179.437942 213 
ZTF18abcrtnq 0.101510 58301.314342 0.000560 -0.530712 -0.005338 0.009367 3.100000 18.577562 0.188405 -13.119242 -9.079142 5 4 1.014049 5 
ZTF18aarbify 0.081100 58246.970255 0.017866 0.345625 -2.990036 0.024906 3.100000 23.901709 0.536926 1e6 -1.816155 0 10 21.835684 6 
ZTF18aahfeiy 0.071240 58216.480001 0.000007 0.869359 3.588598 0.009867 3.100000 11.547303 0.192708 1e6 -2.274801 0 16 51.473184 12 
ZTF18aahptcq 0.063490 58221.218101 0.000000 0.744469 5.391594 0.037020 3.100000 7.872359 0.143738 1e6 -4.015101 0 26 143.516283 22 
#ZTF18aapictz not considered, not a SN Ia norm (SN Ia-91T) 
ZTF18aayivxm 0.100000 58293.261522 0.000570 1.772644 -0.059316 0.015567 3.100000 19.049808 0.135062 -17.040122 -14.087222 7 6 13.071201 9 
ZTF18aauhxce 0.083080 58271.604396 0.000501 1.391215 0.117450 0.016655 3.100000 18.581634 0.062762 -9.388496 -17.420796 16 36 113.370965 48 
ZTF18aajpjdi 0.074600 58236.640899 0.001944 0.120712 -0.784635 0.012581 3.100000 19.734809 0.085238 21.636701 -14.332199 13 29 801.609900 38 
ZTF18aaqehoc 0.062200 58251.645520 0.000988 -0.595707 0.020249 0.014565 3.100000 17.871435 0.016715 -9.265320 -9.369620 69 102 377.060233 167 
ZTF18aavrwhu 0.062000 58275.838340 0.001232 1.156980 -0.016296 0.010935 3.100000 17.992200 0.018943 -17.547240 -17.610840 57 56 136.715036 109 
ZTF18aaripcr 0.033927 58262.347365 0.006308 0.908004 -0.240727 0.035514 3.100000 16.886110 0.085149 25.866135 -17.008765 4 26 262.179142 26 
ZTF18aaocrmb 0.106000 58240.770664 0.000210 0.857935 0.324933 0.009374 3.100000 18.795803 0.207056 9.430036 -9.503964 4 26 192.754716 26 
ZTF18aauizcr 0.033840 58266.242924 0.903751 -1.932295 -4.460591 0.015826 3.100000 23.502217 0.075699 1e6 -12.044624 0 16 78.052177 12 
ZTF18aayiahw 0.063680 58290.446556 0.000097 0.939687 1.265751 0.011734 3.100000 16.608928 0.850439 1e6 -14.251856 0 8 0.311671 5 
ZTF18aaqpjja 0.062360 58254.372764 0.001387 -0.321298 0.035452 0.041186 3.100000 17.493852 0.244525 1e6 -10.213564 0 4 6.510642 0 
#ZTF18abauprj not considered, not a SN Ia norm (SN Ia 91T-like) 
ZTF18aaxvpsw 0.091600 58286.792343 0.000572 -0.087962 -0.009531 0.010517 3.100000 18.630182 0.028972 -13.531043 -11.430043 66 69 126.393274 131 
ZTF18abdbuty 0.075000 58309.195658 0.001151 0.044129 0.007210 0.034328 3.100000 17.836378 0.103664 -14.976058 -13.928958 18 19 9.562466 33 
ZTF18aabtwqb 0.073800 58170.584979 0.000003 -10.000000 4.868764 0.047076 3.100000 6.364755 0.181548 1e6 11.603421 0 11 1281.134298 7 
#ZTF18aaqjtcz not considered, not a SN Ia norm (None) 
ZTF18aahesrp 0.050000 58205.845493 44.659770 5.777827 -9.900275 0.034748 3.100000 34.229117 0.657722 1e6 8.345307 0 5 4.776577 1 
ZTF18abckujq 0.063830 58302.816405 0.001173 -1.121142 -0.059646 0.016606 3.100000 17.862328 0.104384 -12.620605 -12.562105 9 8 41.674191 16 
#ZTF18aashtth not considered, not a SN Ia norm (None) 
ZTF18aarcygc 0.092000 58245.321759 0.000544 -0.514575 0.000159 0.009371 3.100000 18.593653 0.533791 1e6 -0.135259 0 5 0.541326 1 
ZTF18aaxcxih 0.070000 58277.530463 0.000810 -0.516065 -0.075229 0.041809 3.100000 18.397799 0.030267 -11.074863 -11.182863 36 60 46.887915 92 
#ZTF18aahhenr not considered, duplicate 
ZTF18aaialps 0.140000 58262.057958 0.000177 10.000000 0.038872 0.016313 3.100000 21.162525 0.104620 -34.698958 -44.672758 242 24 9809.296326 262 
ZTF18aaxnkos 0.062800 58283.255239 0.000870 0.019873 -0.064340 0.008189 3.100000 18.361768 0.077657 -11.061839 -4.072039 7 4 9.858009 7 
ZTF18aaxsioa 0.030000 58286.270097 0.003205 -1.438162 0.020585 0.017197 3.100000 16.475060 0.004957 -14.010297 -13.964497 79 96 569.197838 171 
ZTF18aamlqqh 0.060000 58243.453961 0.001212 0.059774 -0.039502 0.029256 3.100000 17.929123 0.017077 -13.051161 -14.011061 61 85 1201.909957 142 
ZTF18aaqjxid 0.110000 58251.508105 0.000373 0.403956 -0.068283 0.031381 3.100000 19.346368 0.051823 -8.284105 -8.331605 29 40 149.020240 65 
ZTF18aaxtcdm 0.075000 58281.011674 0.000048 0.151085 2.099983 0.032320 3.100000 14.475531 0.365799 1e6 -8.718774 0 8 0.841359 4 
